[[[181 162 158]
  [ 23 170 233]
  [ 69 107  76]
  [ 17  24 138]
  [ 31  51  41]
  [ 21 157  84]
  [168 147  78]
  [  9  65 127]
  [201 147  47]
  [125 104 145]
  [ 47  51 182]]

 [[235 158  79]
  [ 93  20 203]
  [102 194  13]
  [141 112  55]
  [240 216  63]
  [114  57 251]
  [ 67  25 109]
  [234 163 162]
  [119 103 163]
  [204 111  81]
  [154  74 148]]

 [[149 173  60]
  [  2 233  73]
  [236 124 209]
  [211  97  58]
  [ 24  97  65]
  [  1 204 100]
  [136  25 163]
  [ 86 169   7]
  [ 56 249 240]
  [  8  61  88]
  [ 79 250 107]]

 [[ 29 128  37]
  [ 91  32 212]
  [212 190 221]
  [ 87 244  42]
  [122 164 247]
  [205  40 234]
  [102 181 122]
  [ 38 243  49]
  [208 217 192]
  [ 11  56 184]
  [224 174 176]]

 [[ 91  14 137]
  [177 178  88]
  [ 28 226 231]
  [137  59 148]
  [ 31 250   7]
  [128 142 172]
  [201 113 179]
  [195  12 111]
  [192 121   4]
  [102 102  69]
  [236  86 205]]

 [[ 40 113 154]
  [161   3   4]
  [ 74 149  44]
  [ 10 134  43]
  [116  10 117]
  [104 195 140]
  [160 141  77]
  [133  50 114]
  [ 44  27 134]
  [183   0 238]
  [117 154  73]]

 [[241  87 251]
  [129 125 197]
  [114  46 108]
  [154 240  50]
  [175 106 141]
  [166 220 171]
  [187 215 167]
  [208 218 167]
  [ 87 242 233]
  [101 161  45]
  [240 180  68]]

 [[ 76 172 251]
  [106  97 130]
  [ 51  75 213]
  [  0  28 132]
  [161   7 216]
  [ 52  55  41]
  [177  91 151]
  [221 230 216]
  [235  15  25]
  [ 94  13 214]
  [ 76 183 164]]

 [[205  10 230]
  [ 43 240 190]
  [104 254 226]
  [168  72 242]
  [237  62 214]
  [ 78 229 198]
  [188 105  90]
  [133 188 177]
  [107  80  74]
  [245  41 234]
  [ 91  75 235]]

 [[  6 129 194]
  [119 209 113]
  [ 96  76 156]
  [ 20  25  76]
  [212 114 106]
  [237 212  43]
  [130  91  78]
  [137 164 243]
  [197   3  66]
  [ 93 226  11]
  [ 75 152 119]]

 [[126  66  50]
  [220 155  25]
  [197  75  95]
  [  7 242 243]
  [ 67  82 184]
  [169  48  48]
  [202  83  80]
  [  9  16  32]
  [  9  39 128]
  [236  41  49]
  [218  86  22]]]